read_id	ref_id	query_length	alignment_length	prct_exact_match	query_start	query_end	ref_start	ref_end	Evalue	Bitscore	blast_strand	FLAG_BAM	mapping_POS	MAPQ	CIGAR	ref_id_next	POS_next	genomic_dist	BAM_query_seq	BAM_strand	sample_name	gene_name	gene_POS	UTR	side_clip	utr_read_strand	UTR_map_pos	UTR_read_seq	blast_query_seq	gene_strand	side_clip_adj	query_cov
HWI-D00715:51:C6FYCANXX:2:2115:16257:86704	chr12	36	29	96.552	1	29	100047464	100047492	5.83e-05	49.1	+	113	57137347	60	100M	chr15	101070298	0	GAGGGTAGGGCCAAGAGGTCCTGAATATAGTAGCTAACTAGTTGGACTGGACTGAAACCAGTTCCTAGAGTTCATTTCAGCCATCCCCCTGCCTCTGCTC	-	BM_22_1009_bwa.bam	LRRK1	chr15:100919357-101078257	3utr	right	-	chr15:101070299-101070330	CCCCCCCCCCCACGAGGAATTAAAAATGTTCCCCCCCCACTCTTTTTTTTTTTTTTTTTTTTTT	ACTCAAGCATGGGCAACAAGAGCAAAATTTTGTTTT	+	left	0.81
HWI-D00715:51:C6FYCANXX:2:2115:16257:86704	chr12	36	33	90.909	1	33	8263227	8263259	0.000754	45.4	-	113	57137347	60	100M	chr15	101070298	0	GAGGGTAGGGCCAAGAGGTCCTGAATATAGTAGCTAACTAGTTGGACTGGACTGAAACCAGTTCCTAGAGTTCATTTCAGCCATCCCCCTGCCTCTGCTC	-	BM_22_1009_bwa.bam	LRRK1	chr15:100919357-101078257	3utr	right	-	chr15:101070299-101070330	CCCCCCCCCCCACGAGGAATTAAAAATGTTCCCCCCCCACTCTTTTTTTTTTTTTTTTTTTTTT	AAAACAAAATTTTGCTCTTGTTGCCCATGCTTGAGT	+	right	0.92
HWI-D00715:51:C6FYCANXX:2:2115:16257:86704	chr12	36	33	90.909	2	34	24093966	24093998	0.000754	45.4	-	113	57137347	60	100M	chr15	101070298	0	GAGGGTAGGGCCAAGAGGTCCTGAATATAGTAGCTAACTAGTTGGACTGGACTGAAACCAGTTCCTAGAGTTCATTTCAGCCATCCCCCTGCCTCTGCTC	-	BM_22_1009_bwa.bam	LRRK1	chr15:100919357-101078257	3utr	right	-	chr15:101070299-101070330	CCCCCCCCCCCACGAGGAATTAAAAATGTTCCCCCCCCACTCTTTTTTTTTTTTTTTTTTTTTT	AAAACAAAATTTTGCTCTTGTTGCCCATGCTTGAGT	+	right	0.92
